s (1,1) 93
s (2,1) 52
s (3,1) 61
s (4,1) 43
s (5,1) 82
s (6,1) 31
s (7,1) 85
s (8,1) 32
s (9,1) 87
s (10,1) 19
s (11,1) 21
s (12,1) 95
s (13,1) 70
s (14,1) 26
s (15,1) 38
s (16,1) 4
s (17,1) 97
s (18,1) 30
s (19,1) 8
s (20,1) 54
(1,1) (1,2) 83
(2,1) (2,2) 58
(3,1) (3,2) 62
(4,1) (4,2) 5
(5,1) (5,2) 1
(6,1) (6,2) 95
(7,1) (7,2) 10
(8,1) (8,2) 18
(9,1) (9,2) 52
(10,1) (10,2) 27
(11,1) (11,2) 27
(12,1) (12,2) 63
(13,1) (13,2) 55
(14,1) (14,2) 15
(15,1) (15,2) 5
(16,1) (16,2) 2
(17,1) (17,2) 13
(18,1) (18,2) 92
(19,1) (19,2) 8
(20,1) (20,2) 58
(1,2) (1,3) 72
(2,2) (2,3) 52
(3,2) (3,3) 58
(4,2) (4,3) 89
(5,2) (5,3) 57
(6,2) (6,3) 30
(7,2) (7,3) 55
(8,2) (8,3) 2
(9,2) (9,3) 82
(10,2) (10,3) 38
(11,2) (11,3) 7
(12,2) (12,3) 100
(13,2) (13,3) 26
(14,2) (14,3) 92
(15,2) (15,3) 15
(16,2) (16,3) 60
(17,2) (17,3) 32
(18,2) (18,3) 62
(19,2) (19,3) 56
(20,2) (20,3) 35
(1,3) (1,4) 45
(2,3) (2,4) 85
(3,3) (3,4) 57
(4,3) (4,4) 95
(5,3) (5,4) 19
(6,3) (6,4) 8
(7,3) (7,4) 7
(8,3) (8,4) 7
(9,3) (9,4) 73
(10,3) (10,4) 61
(11,3) (11,4) 60
(12,3) (12,4) 16
(13,3) (13,4) 61
(14,3) (14,4) 18
(15,3) (15,4) 46
(16,3) (16,4) 95
(17,3) (17,4) 54
(18,3) (18,4) 76
(19,3) (19,4) 30
(20,3) (20,4) 41
(1,4) (1,5) 15
(2,4) (2,5) 74
(3,4) (3,5) 58
(4,4) (4,5) 81
(5,4) (5,5) 39
(6,4) (6,5) 44
(7,4) (7,5) 87
(8,4) (8,5) 76
(9,4) (9,5) 19
(10,4) (10,5) 63
(11,4) (11,5) 15
(12,4) (12,5) 61
(13,4) (13,5) 70
(14,4) (14,5) 74
(15,4) (15,5) 82
(16,4) (16,5) 45
(17,4) (17,5) 30
(18,4) (18,5) 12
(19,4) (19,5) 16
(20,4) (20,5) 91
(1,1) (2,1) 81
(2,1) (1,1) 69
(2,1) (3,1) 97
(3,1) (2,1) 88
(3,1) (4,1) 97
(4,1) (3,1) 24
(4,1) (5,1) 61
(5,1) (4,1) 51
(5,1) (6,1) 32
(6,1) (5,1) 45
(6,1) (7,1) 64
(7,1) (6,1) 87
(7,1) (8,1) 51
(8,1) (7,1) 99
(8,1) (9,1) 89
(9,1) (8,1) 28
(9,1) (10,1) 59
(10,1) (9,1) 9
(10,1) (11,1) 78
(11,1) (10,1) 97
(11,1) (12,1) 92
(12,1) (11,1) 79
(12,1) (13,1) 52
(13,1) (12,1) 9
(13,1) (14,1) 27
(14,1) (13,1) 46
(14,1) (15,1) 72
(15,1) (14,1) 53
(15,1) (16,1) 30
(16,1) (15,1) 16
(16,1) (17,1) 91
(17,1) (16,1) 9
(17,1) (18,1) 6
(18,1) (17,1) 73
(18,1) (19,1) 75
(19,1) (18,1) 23
(19,1) (20,1) 56
(20,1) (19,1) 25
(1,2) (2,2) 28
(2,2) (1,2) 36
(2,2) (3,2) 8
(3,2) (2,2) 40
(3,2) (4,2) 83
(4,2) (3,2) 26
(4,2) (5,2) 28
(5,2) (4,2) 74
(5,2) (6,2) 13
(6,2) (5,2) 14
(6,2) (7,2) 78
(7,2) (6,2) 81
(7,2) (8,2) 3
(8,2) (7,2) 63
(8,2) (9,2) 95
(9,2) (8,2) 96
(9,2) (10,2) 30
(10,2) (9,2) 10
(10,2) (11,2) 59
(11,2) (10,2) 24
(11,2) (12,2) 46
(12,2) (11,2) 62
(12,2) (13,2) 61
(13,2) (12,2) 86
(13,2) (14,2) 17
(14,2) (13,2) 41
(14,2) (15,2) 43
(15,2) (14,2) 56
(15,2) (16,2) 29
(16,2) (15,2) 60
(16,2) (17,2) 58
(17,2) (16,2) 83
(17,2) (18,2) 70
(18,2) (17,2) 3
(18,2) (19,2) 86
(19,2) (18,2) 31
(19,2) (20,2) 24
(20,2) (19,2) 72
(1,3) (2,3) 57
(2,3) (1,3) 69
(2,3) (3,3) 57
(3,3) (2,3) 45
(3,3) (4,3) 31
(4,3) (3,3) 21
(4,3) (5,3) 60
(5,3) (4,3) 30
(5,3) (6,3) 10
(6,3) (5,3) 7
(6,3) (7,3) 85
(7,3) (6,3) 9
(7,3) (8,3) 99
(8,3) (7,3) 52
(8,3) (9,3) 15
(9,3) (8,3) 90
(9,3) (10,3) 49
(10,3) (9,3) 31
(10,3) (11,3) 37
(11,3) (10,3) 11
(11,3) (12,3) 97
(12,3) (11,3) 39
(12,3) (13,3) 17
(13,3) (12,3) 21
(13,3) (14,3) 44
(14,3) (13,3) 9
(14,3) (15,3) 76
(15,3) (14,3) 65
(15,3) (16,3) 90
(16,3) (15,3) 50
(16,3) (17,3) 39
(17,3) (16,3) 5
(17,3) (18,3) 75
(18,3) (17,3) 34
(18,3) (19,3) 6
(19,3) (18,3) 72
(19,3) (20,3) 71
(20,3) (19,3) 67
(1,4) (2,4) 27
(2,4) (1,4) 93
(2,4) (3,4) 66
(3,4) (2,4) 5
(3,4) (4,4) 78
(4,4) (3,4) 73
(4,4) (5,4) 31
(5,4) (4,4) 16
(5,4) (6,4) 45
(6,4) (5,4) 83
(6,4) (7,4) 92
(7,4) (6,4) 76
(7,4) (8,4) 35
(8,4) (7,4) 60
(8,4) (9,4) 28
(9,4) (8,4) 18
(9,4) (10,4) 46
(10,4) (9,4) 52
(10,4) (11,4) 32
(11,4) (10,4) 83
(11,4) (12,4) 77
(12,4) (11,4) 51
(12,4) (13,4) 39
(13,4) (12,4) 6
(13,4) (14,4) 19
(14,4) (13,4) 51
(14,4) (15,4) 64
(15,4) (14,4) 67
(15,4) (16,4) 79
(16,4) (15,4) 15
(16,4) (17,4) 6
(17,4) (16,4) 71
(17,4) (18,4) 22
(18,4) (17,4) 45
(18,4) (19,4) 36
(19,4) (18,4) 16
(19,4) (20,4) 32
(20,4) (19,4) 22
(1,5) (2,5) 3
(2,5) (1,5) 13
(2,5) (3,5) 38
(3,5) (2,5) 34
(3,5) (4,5) 85
(4,5) (3,5) 47
(4,5) (5,5) 96
(5,5) (4,5) 55
(5,5) (6,5) 56
(6,5) (5,5) 35
(6,5) (7,5) 35
(7,5) (6,5) 74
(7,5) (8,5) 56
(8,5) (7,5) 97
(8,5) (9,5) 9
(9,5) (8,5) 68
(9,5) (10,5) 73
(10,5) (9,5) 66
(10,5) (11,5) 38
(11,5) (10,5) 96
(11,5) (12,5) 66
(12,5) (11,5) 2
(12,5) (13,5) 24
(13,5) (12,5) 91
(13,5) (14,5) 67
(14,5) (13,5) 80
(14,5) (15,5) 59
(15,5) (14,5) 42
(15,5) (16,5) 31
(16,5) (15,5) 89
(16,5) (17,5) 80
(17,5) (16,5) 36
(17,5) (18,5) 98
(18,5) (17,5) 73
(18,5) (19,5) 83
(19,5) (18,5) 47
(19,5) (20,5) 64
(20,5) (19,5) 2
(1,5) t 43
(2,5) t 72
(3,5) t 88
(4,5) t 9
(5,5) t 37
(6,5) t 99
(7,5) t 75
(8,5) t 75
(9,5) t 13
(10,5) t 61
(11,5) t 18
(12,5) t 3
(13,5) t 27
(14,5) t 45
(15,5) t 12
(16,5) t 53
(17,5) t 34
(18,5) t 79
(19,5) t 55
(20,5) t 51
