s (1,1) 78
s (2,1) 77
s (3,1) 20
s (4,1) 17
s (5,1) 27
s (6,1) 73
s (7,1) 14
s (8,1) 55
s (9,1) 100
s (10,1) 56
(1,1) (1,2) 41
(2,1) (2,2) 97
(3,1) (3,2) 5
(4,1) (4,2) 95
(5,1) (5,2) 51
(6,1) (6,2) 85
(7,1) (7,2) 6
(8,1) (8,2) 89
(9,1) (9,2) 13
(10,1) (10,2) 82
(1,2) (1,3) 13
(2,2) (2,3) 70
(3,2) (3,3) 65
(4,2) (4,3) 67
(5,2) (5,3) 25
(6,2) (6,3) 23
(7,2) (7,3) 82
(8,2) (8,3) 26
(9,2) (9,3) 21
(10,2) (10,3) 29
(1,3) (1,4) 12
(2,3) (2,4) 87
(3,3) (3,4) 48
(4,3) (4,4) 5
(5,3) (5,4) 63
(6,3) (6,4) 48
(7,3) (7,4) 97
(8,3) (8,4) 78
(9,3) (9,4) 91
(10,3) (10,4) 21
(1,4) (1,5) 12
(2,4) (2,5) 2
(3,4) (3,5) 46
(4,4) (4,5) 61
(5,4) (5,5) 100
(6,4) (6,5) 24
(7,4) (7,5) 22
(8,4) (8,5) 47
(9,4) (9,5) 67
(10,4) (10,5) 60
(1,5) (1,6) 21
(2,5) (2,6) 88
(3,5) (3,6) 79
(4,5) (4,6) 82
(5,5) (5,6) 59
(6,5) (6,6) 81
(7,5) (7,6) 43
(8,5) (8,6) 16
(9,5) (9,6) 79
(10,5) (10,6) 53
(1,6) (1,7) 79
(2,6) (2,7) 54
(3,6) (3,7) 15
(4,6) (4,7) 46
(5,6) (5,7) 17
(6,6) (6,7) 31
(7,6) (7,7) 78
(8,6) (8,7) 1
(9,6) (9,7) 2
(10,6) (10,7) 98
(1,7) (1,8) 83
(2,7) (2,8) 33
(3,7) (3,8) 24
(4,7) (4,8) 88
(5,7) (5,8) 96
(6,7) (6,8) 8
(7,7) (7,8) 6
(8,7) (8,8) 25
(9,7) (9,8) 21
(10,7) (10,8) 60
(1,8) (1,9) 89
(2,8) (2,9) 79
(3,8) (3,9) 3
(4,8) (4,9) 45
(5,8) (5,9) 62
(6,8) (6,9) 91
(7,8) (7,9) 18
(8,8) (8,9) 64
(9,8) (9,9) 31
(10,8) (10,9) 43
(1,9) (1,10) 75
(2,9) (2,10) 45
(3,9) (3,10) 2
(4,9) (4,10) 52
(5,9) (5,10) 14
(6,9) (6,10) 19
(7,9) (7,10) 90
(8,9) (8,10) 93
(9,9) (9,10) 53
(10,9) (10,10) 23
(1,1) (2,1) 28
(2,1) (1,1) 69
(2,1) (3,1) 93
(3,1) (2,1) 56
(3,1) (4,1) 1
(4,1) (3,1) 14
(4,1) (5,1) 23
(5,1) (4,1) 85
(5,1) (6,1) 75
(6,1) (5,1) 43
(6,1) (7,1) 95
(7,1) (6,1) 85
(7,1) (8,1) 61
(8,1) (7,1) 83
(8,1) (9,1) 68
(9,1) (8,1) 81
(9,1) (10,1) 93
(10,1) (9,1) 93
(1,2) (2,2) 13
(2,2) (1,2) 83
(2,2) (3,2) 46
(3,2) (2,2) 36
(3,2) (4,2) 90
(4,2) (3,2) 21
(4,2) (5,2) 67
(5,2) (4,2) 13
(5,2) (6,2) 68
(6,2) (5,2) 40
(6,2) (7,2) 34
(7,2) (6,2) 32
(7,2) (8,2) 19
(8,2) (7,2) 44
(8,2) (9,2) 37
(9,2) (8,2) 79
(9,2) (10,2) 2
(10,2) (9,2) 88
(1,3) (2,3) 59
(2,3) (1,3) 51
(2,3) (3,3) 75
(3,3) (2,3) 29
(3,3) (4,3) 95
(4,3) (3,3) 28
(4,3) (5,3) 100
(5,3) (4,3) 73
(5,3) (6,3) 19
(6,3) (5,3) 28
(6,3) (7,3) 34
(7,3) (6,3) 14
(7,3) (8,3) 49
(8,3) (7,3) 24
(8,3) (9,3) 48
(9,3) (8,3) 95
(9,3) (10,3) 47
(10,3) (9,3) 18
(1,4) (2,4) 88
(2,4) (1,4) 58
(2,4) (3,4) 88
(3,4) (2,4) 4
(3,4) (4,4) 86
(4,4) (3,4) 35
(4,4) (5,4) 39
(5,4) (4,4) 46
(5,4) (6,4) 86
(6,4) (5,4) 74
(6,4) (7,4) 52
(7,4) (6,4) 12
(7,4) (8,4) 69
(8,4) (7,4) 59
(8,4) (9,4) 61
(9,4) (8,4) 43
(9,4) (10,4) 31
(10,4) (9,4) 65
(1,5) (2,5) 51
(2,5) (1,5) 2
(2,5) (3,5) 1
(3,5) (2,5) 4
(3,5) (4,5) 39
(4,5) (3,5) 85
(4,5) (5,5) 66
(5,5) (4,5) 98
(5,5) (6,5) 60
(6,5) (5,5) 96
(6,5) (7,5) 64
(7,5) (6,5) 86
(7,5) (8,5) 67
(8,5) (7,5) 6
(8,5) (9,5) 96
(9,5) (8,5) 8
(9,5) (10,5) 67
(10,5) (9,5) 17
(1,6) (2,6) 22
(2,6) (1,6) 92
(2,6) (3,6) 70
(3,6) (2,6) 27
(3,6) (4,6) 28
(4,6) (3,6) 77
(4,6) (5,6) 29
(5,6) (4,6) 44
(5,6) (6,6) 46
(6,6) (5,6) 77
(6,6) (7,6) 56
(7,6) (6,6) 87
(7,6) (8,6) 49
(8,6) (7,6) 82
(8,6) (9,6) 38
(9,6) (8,6) 15
(9,6) (10,6) 69
(10,6) (9,6) 59
(1,7) (2,7) 68
(2,7) (1,7) 30
(2,7) (3,7) 56
(3,7) (2,7) 91
(3,7) (4,7) 60
(4,7) (3,7) 9
(4,7) (5,7) 64
(5,7) (4,7) 42
(5,7) (6,7) 74
(6,7) (5,7) 43
(6,7) (7,7) 56
(7,7) (6,7) 3
(7,7) (8,7) 90
(8,7) (7,7) 64
(8,7) (9,7) 27
(9,7) (8,7) 1
(9,7) (10,7) 66
(10,7) (9,7) 6
(1,8) (2,8) 23
(2,8) (1,8) 67
(2,8) (3,8) 100
(3,8) (2,8) 19
(3,8) (4,8) 10
(4,8) (3,8) 40
(4,8) (5,8) 15
(5,8) (4,8) 87
(5,8) (6,8) 16
(6,8) (5,8) 55
(6,8) (7,8) 31
(7,8) (6,8) 1
(7,8) (8,8) 72
(8,8) (7,8) 40
(8,8) (9,8) 63
(9,8) (8,8) 48
(9,8) (10,8) 28
(10,8) (9,8) 27
(1,9) (2,9) 59
(2,9) (1,9) 59
(2,9) (3,9) 48
(3,9) (2,9) 11
(3,9) (4,9) 71
(4,9) (3,9) 66
(4,9) (5,9) 74
(5,9) (4,9) 71
(5,9) (6,9) 55
(6,9) (5,9) 1
(6,9) (7,9) 90
(7,9) (6,9) 28
(7,9) (8,9) 89
(8,9) (7,9) 32
(8,9) (9,9) 73
(9,9) (8,9) 34
(9,9) (10,9) 25
(10,9) (9,9) 41
(1,10) (2,10) 32
(2,10) (1,10) 46
(2,10) (3,10) 88
(3,10) (2,10) 90
(3,10) (4,10) 55
(4,10) (3,10) 74
(4,10) (5,10) 4
(5,10) (4,10) 98
(5,10) (6,10) 51
(6,10) (5,10) 38
(6,10) (7,10) 47
(7,10) (6,10) 27
(7,10) (8,10) 25
(8,10) (7,10) 10
(8,10) (9,10) 7
(9,10) (8,10) 58
(9,10) (10,10) 45
(10,10) (9,10) 87
(1,10) t 27
(2,10) t 14
(3,10) t 52
(4,10) t 71
(5,10) t 9
(6,10) t 96
(7,10) t 98
(8,10) t 49
(9,10) t 76
(10,10) t 89
